0.180000
1.100000
0.940000
0.790000
0.300000
1.150000
1.480000
0.840000
0.450000
0.880000
0.610000
0.710000
0.520000
1.230000
1.790000
2.030000
0.710000
0.280000
0.520000
1.170000
0.960000
1.060000
1.820000
1.090000
1.110000
3.630000
0.940000
1.010000
0.970000
1.510000
1.620000
2.550000
2.590000
1.640000
1.930000
2.840000
1.160000
2.720000
2.100000
1.790000
1.940000
2.470000
1.280000
3.110000
2.160000
2.390000
1.510000
0.740000
3.290000
1.970000
3.010000
1.800000
1.350000
2.730000
2.900000
5.380000
1.920000
2.630000
0.740000
5.120000
4.310000
4.630000
4.230000
2.910000
5.170000
3.590000
4.160000
2.770000
8.250000
3.630000
3.230000
2.940000
10.500000
2.670000
5.440000
3.930000
16.410000
5.890000
4.640000
8.180000
9.540000
7.660000
12.200000
14.740000
4.500000
9.790000
7.140000
5.910000
0.240000
11.310000
30.489999
9.200000
17.560000
11.270000
17.740000
9.550000
13.450000
12.310000
16.000000
10.420000
19.650000
16.890000
14.000000
16.430000
19.550000
22.759999
29.089999
14.450000
5.930000
23.789999
27.839999
25.309999
28.839999
20.570000
26.309999
17.580000
28.919999
16.150000
24.849999
26.119999
32.699999
38.179999
13.530000
30.089999
34.679999
36.439999
36.899999
35.009999
38.379999
27.099999
35.209999
28.489999
38.079999
28.879999
37.279999
38.319999
39.149999
37.649999
35.039999
31.629999
38.339999
33.759999
39.429999
39.589999
32.739999
38.849999
37.709999
39.489999
37.389999
36.309999
38.149999
39.439999
38.379999
32.539999
39.469999
33.989999
36.729999
39.169999
17.670000
33.549999
39.599999
38.729999
34.289999
39.069999
38.169999
37.119999
39.269999
28.219999
36.349999
35.609999
35.109999
36.369999
38.179999
24.489999
31.919999
25.559999
26.569999
38.049999
39.179999
34.239999
37.549999
32.309999
34.799999
25.249999
32.939999
32.579999
33.909999
35.399999
34.849999
33.779999
36.869999
